0.6912235373443001
0.38152290466680827
0.312909892805426
0.271572637051979
0.24393622528661366
0.22385412282177075
0.20784036807292267
0.19640850273838198
0.1851239525555079
0.18013182516121687
0.16897113105801542
0.16457173674893777
0.160236739175686
0.1509737328284469
0.1491978956495487
0.14547536545015088
0.1408179325423194
0.1397352757576023
0.13164850094158004
0.1309051435532458
0.12698404620844875
0.12398447009976149
0.12166737009364241
0.12040910392672997
0.11746647836449042
0.11716272903090848
0.11422410368964499
0.11042223006060008
0.11082644018507494
0.108389501943217
0.1065645321452027
0.10502190935376027
0.10478887162872516
0.10057626923277983
0.10014535109120667
0.09769203328839658
0.09863895599742577
0.09586505936950482
0.09530810796726231
0.09428170417121548
0.09266586791267842
0.09248211716799765
0.09240999495499064
0.09032633972500365
0.08839020177726843
0.08753470029112592
0.0868791122491338
0.08614976403957293
0.08393311156663873
0.08426776689089197