0.681603168809648
0.375825806942125
0.30888697547973915
0.2644141268695414
0.24286540023131986
0.22379991256824647
0.2098576514168598
0.1978981249733304
0.18087669327748646
0.1772492787970614
0.16763265158588178
0.18881821701393253
0.19202502766948767
0.1931643566975201
0.19882491394205815
0.19621241262095798
0.1949857184289382
0.1948706023119716
0.19513376882566985
0.19600901237520216
0.19146938023333077
0.1935388690380579
0.188223165081744
0.19139568148602093
0.19254911262890928
0.19093689361421023
0.18586240125026776
0.18391676030936413
0.19095623780333745
0.18651288956732298
0.1842849840947568
0.18621335118198443
0.18190322307894302
0.18454041695865783
0.18168155295277105
0.18414622778001627
0.18606931125924653
0.18002425413982165
0.17909451627375067
0.18180891947436484
0.17766509014590398
0.18197284210650633
0.1839073100653605
0.1845622231575472
0.17858305562023308
0.17992041856870608
0.17605039184535207
0.18474652629428956
0.17978975530799346
0.18233317389899312