0.6958597365613828
0.38362474282963266
0.31430091012061634
0.2732177145583169
0.24607262588147427
0.22648408595921657
0.21066360681986407
0.19985371789127507
0.18475602473828365
0.17833847085725935
0.17020966797944062
0.1684236316754124
0.1608701324041839
0.15519269780958456
0.15042232495670194
0.14305717101061682
0.141197462200599
0.13778930926774044
0.13258203762614484
0.1282197030442606
0.12792709645804298
0.14524388926051218
0.15496535295251873
0.15991592203583282
0.16399650689078732
0.16166195092879537
0.17063863870995144
0.17060829101132782
0.17282385013968055
0.16958646404161243
0.17465793178983963
0.17977023393823716
0.17383603133047273
0.1779239857080415
0.17667340179863647
0.1741558599215633
0.17416746008751807
0.175585669330323
0.17434759805759634
0.17541154996363867
0.1753265090352313
0.17202754407228033
0.1740069678437744
0.17247463811530234
0.17296846617874936
0.16955000830747072
0.17248581293684093
0.17361517721955239
0.1736450066428767
0.1715330414105778