0.6903783233752248
0.4080327104115397
0.35127267588461264
0.3166508016731408
0.29107657400088016
0.27613092022934715
0.2652603606750802
0.261553711083556
0.2503958204532407
0.2448747806912375
0.23791715785733264
0.2308563209037976
0.22919893807151726
0.22359213825444815
0.22272910836555038
0.22480400071930892
0.21735491904857032
0.2110091523934877
0.21365407247852788
0.20844740224507646
0.20901688501666416
0.20903147812203432
0.2074911117412583
0.20532595982245264
0.20267636558881535
0.19890381801759216
0.2029417174533533
0.2015849172646158
0.19958249858056865
0.19604399179891197
0.1944713083282452
0.19537543054290704
0.1897454772957715
0.1924934945868065
0.19306020833816068
0.19382119675613363
0.1918238536809723
0.19007713931959777
0.18987550339902415
0.1928617219813104
0.18791645984731617
0.18595121870480816
0.18864099035416984
0.18574561595423603
0.18687304447581354
0.18057125909458896
0.18577985656416465
0.18569943514249274
0.1866905571486618
0.18210148616730928