0.6931022705330472
0.38151176986515256
0.3105354034198332
0.27232408846491585
0.24482254087295321
0.22431488290571255
0.21330634769278659
0.19818445454653616
0.18642066935681442
0.17852943403592267
0.17065597120278733
0.16444478690625491
0.16070317293827527
0.1540450150038591
0.150929812183658
0.14523351501431614
0.14052096441632314
0.13647271966285301
0.1327198477800967
0.12798076667350805
0.12754332813331648
0.12390405457501133
0.1205224147433723
0.11881217756911888
0.11865279518408581
0.11493732990682898
0.11195205339963091
0.11112685845835027
0.10974640895619008
0.10583533976786219
0.10519017369371954
0.09935215988341736
0.1016453188650307
0.09911950738889728
0.09873840507870149
0.09687982236589592
0.09573299526592947
0.09327018727479734
0.09236306813126305
0.0933232005218851
0.08926173367646019
0.08783969642010947
0.09140264809420723
0.08798280361032915
0.08675431198946422
0.08507618511386361
0.08271174233611893
0.08010181779377042
0.08096445279287424
0.08290945247053441