0.6878451002404715
0.3918360022770552
0.32091571503683614
0.2802696102675206
0.25434097681582596
0.23449383158679124
0.2168334654835829
0.20461734295223144
0.19454182813081813
0.18556877106059497
0.17967121638248018
0.1748739376108424
0.1736056490255287
0.1705012444634049
0.16699067007791987
0.16507351747494733
0.16299910728501468
0.15978096210942994
0.15672222913657124
0.15303073593592126
0.14777515509360334
0.1464863757173977
0.14631329952695524
0.14498714961043638
0.14461885245359252
0.14211136816686246
0.13755412522957097
0.1378994198195748
0.13563545600466995
0.13510821176254711
0.13265503590939143
0.1318611820548128
0.13156111924821987
0.13080347342886914
0.12654037868457088
0.1257972107347135
0.12789723114312557
0.125791046585422
0.12452368265338737
0.12378699087539646
0.12355014778881863
0.12102255260004315
0.12080883884686168
0.12002156741710981
0.11974656911871474
0.11672069547919942
0.11631240078819004
0.11634293059180469
0.11446496523962985
0.11784392179390125