0.6155025337869298
0.32306136089321075
0.2488028693221686
0.21213727904331456
0.18884326052439884
0.16733973828093227
0.1547538655670571
0.14370547015869636
0.13667353415649136
0.1278456380531606
0.12125934484137957
0.11746139795062371
0.11016782557727747
0.10498085640968306
0.10394288460734072
0.09900114682043407
0.09696281562548904
0.09422983528665377
0.093599717093992
0.08535451355155786
0.08792438512590366
0.08603390530264468
0.08347082165956779
0.0808453010213949
0.07638059990562295
0.07689394510407557
0.07729726625653228
0.07657067898340049
0.07229909733991483
0.07054186175001205
0.06988011702249
0.06825777957081589
0.06685109506261042
0.06530013637278341
0.06592904592521245
0.06480172465034731
0.06368899082158684
0.060874172408132074
0.061534268795877346
0.059528546682132935
0.05981809557776008
0.059840099740884986
0.05923310981492373
0.05702132498143395
0.05648106874486517
0.05638820333218264
0.055377198660187976
0.05400055961291426
0.054225267746860026
0.05248373161993465
0.052756967770106536
0.052957192903689554
0.052597580842571115
0.05057017349815932
0.05175997025896404
0.05053897389491761
0.04959100702692265
0.04740633939309463
0.04799615684299757
0.04809727776571727
0.04755052742797369
0.04752589891914793
0.04683129138992231
0.04675874233809134
0.046675452025475295
0.04353184381794704
0.04316656277820372
0.04354481223655532
0.04449521429986143
0.04349789471820003
0.043412777366958914
0.042247263113485756
0.04301667380976597
0.041946609254655674
0.04303321194236574
0.041789879569744164
0.040977415339492874
0.03997327683678005
0.04104181827830054
0.040584554907184545
0.03991561908637081
0.039892485199964675
0.039005779219778915
0.03775976232627705
0.03887449386664784
0.038175477003436695
0.03708472999603483
0.03717308335621651
0.038117769616073924
0.03803359583904318
0.03642452771441703
0.035931447312270534
0.037282861645583434
0.0371261053995434
0.03677443804863524
0.03598954263424262
0.036389610883083186
0.03504741498270484
0.03475097942667828
0.0352172353363553